CHAMTON
RIER
J
Voltme XLVII
KEYTESVILLE, CHARITON COUNTY; MISSOURI, FRIDAY, NOVEMBER, 10 1916
Number 41
MIL
A nvv
l JUUVJ
0
n
i
,r
u
Lr
t
i n " - ,. .
Grandest Victory in history of Democratic Party. Progressives, Republicans. Ger
mans and negroes with a three million campaign fund, combined, unable to over
come PEACE and PROSPERITY with HONOR SLOGAN.
nrnr
THE PEOPLE STILL RUL
California, North Dakota and New Mexico ended the agony.
Women
tates in which
for Wilson i
Prohibition.
Official Vote of Chacittorp Goumfts
General Election Nov. 7, 1916
1 P
i it
i
9
S5W-
rt
For President:
Wilson, D .
Hughes, R ....
For Senator:
Reed, D
Dickey, R. ..
For Governor:
Gardner, D
Lamm, R
For Lieutenant Gov:
Crossley, D
Brltton, R
For Sec. of State:
Sullivan, D
Askln, R
For State Auditor:
Gordon, D
Hackman, R
For State Treasurer:
Middelkamp, D
Thompson, R
For Attorney General:
McAllister, D
Mason, R
For Jdg. Sup. Ct. Dir. 1 :
Woodson, D
Johnson, R
For Jdg. Sup. Ct. Dlv. 2:
Williams, D
HIgbee, R. .
For Jdg. K. C. Appeals:
Bland, I)
. Landon, R. ... ......
For Rep. In Congress:
Rucker, D. .....
Pickett, R
For State Senator:
Taylor, V. . ..
McCurry, R. ......
For Judge Circuit Ct: .
Lamb, D ....
House, R
For State Representee:
' Houston. D.
' , Sweeney. R. ...:;....
For Judge East Dls.:
Hershey, D.
Helman, R. ...
For' Judge Vest. Die.:
.- v1f Herring, D.
For Prosecuting Atfjr:
McKlttrick. D. .......
For Sheriff:
Hurt D. .................
Jeys, R .'.
For County Treasurer:
Rlchardson,D.
Bterner, R
For Surveyor:
Arrington, D. . ....
For Public Admr:
Drace, D
For Coroner:
Hawkins, D
Lewis, R
For Engineer Act: ..
Against Engineer Act:..
For Amend. No. 1 : ........
Against Amend. No. 1:
For Amend. No. t :..... ...
v Against Amend. No. 2:
Fo Amend. No. I:... .
' - Against Amend. No. 8:
96
104
110
106
96
110
109
107
108
10S
107
107
109
106
109
108
108
108
109
108
iis
01
110
107
105
109
117
102
113
104
ill
103
117
113
104
116
100
120
118
111
107
.43
116
99
102
77
129
98
116
62
190
62
190
64
189
63
189
67
185
65
187
63
188
63
188
64
188
64
188
67
85
63
189
63
189
72
180
64
188
'66
116
64
68
183
66
186
61
64
67
185
123
42
24
2
13
38
22
35
103
74
104
65
105
63
103
66
99
67
104
65
105
65
101
67
106
65
106
65
105
66
109
62
101
69
110
61
102
"66
104
293
107
297
105
286
108
297
106'
294
107
295
104
296
104
297
105
298
105
298
105
298
104
293
106
277
108
297
105
297
106
296
661 104
106
101
109
64
107
106
106
66
28
34
84
53
92
61
88
79
291
290
107
289
110
295
298
298
105
173
95
242
102
207
138
21S
171
186
60
186
60
183
61
61
187
61
184
61
186
61
187
61
117
61
186
61
185
61
191
57
181
68
187
60
187
,61
186
61
184
180
61
187
61
184
189
1PJS
A
83
37
177
49
173
63
180
49
62
64
65
64
49
64
54
66
56
64
4
67
53
65
54
66
64
66
54
66
56
64
57
62
50
67
63
67
. i
60
,69
65
65
-60
66
' 64
65
65
65
65
9
65
tf
7
106
25
84
34
79
14
102,
258
151
269
148
257
150
262
151
256
149
258
152
258
161
259
151
257
151
259
150
256
162
261
150
216
151
268
147
250
162
268
163
269
260
160
262
148
261
262
259
151
107
163
170
193
164
182
164
216
o
iS
.
u
a
J3
?S1
206
358
198
342
204
352
201
351
207
335
207
352
206
353
207
362
20G
352
205
353
206
355
200
346
211
364
193
343
204
364
207
361
355
200
A 2
163
49
160
48
155
60
160
49
167
49
161
49
161
49
160
49
161
49
161
49
161
49
160
60
161
49
163
47
161
49
156
161
49
360 161
201 49
360162
360J162
360160
199 49
1
p58' 65
I '
243 8
201 2
22' u4
202 80
I
260 99
260 83
90
164
88
168
80
161
89
166
82
166
.86
165
89
158
88
166
387
345
383
350
373
353
I
386
"in
394
339
379
354
389
347
390
348
89 387
164 348
88
166
85
167
92
164
85
170
91
164
I.
B9
167
110
.87
89
167
89
166
"91
90
89
167
69
73
83
142
69
166
101
38
391
348
390
348
397
339
375
360
394
339
388
347
400
284
394
342
392
344
399
399
392
346
115
239
346
304
306
337
I
254
406
29
30
30
30
31
31
29
31
30
30
30
31
30
30
30
31
29
36
29
31
29
30
30
31
26
32
29
31
29
30
31
29
29
30
30
31
29
29
29
30
'8
38
116
116
78
139
63
186
121
57
120
59
116
63
120
59
118
57
119
59
121
67
121
68
121
57
121
68
120
59
120
58
120
68
128
66
120
67
120
. I
116
116
65
121
67
124
123
125
66
46
88
121
63
127
44
124
64
155
164
161
168
144
175
151
168
151
187
163
171
166
162
157
166
152
167
14T
169
153
166
159
159
144
172
133
185
152
164
154
154
160
162
152
149
166
166
130
185
18
35
178
98
136
127
177
122
150
89
160
89
150
89
150
88
161
91
152
89
151
90
153
89
153
89
162
89
167
90
153
138
94
161
89
162
89
157
164
152
89
I
162
89
154
162
152
89
98
48
118
80
91
103
134
151
19
100
18
99
19
P9
19
98
19
ioe
19
99
19
99
18
100
19
100
19
98
19
96
21
96
20
99
21
99
19
101
96
93
32
I
96
21
98
101
101
18
26
67
62
47
60
49
65
52
74' 86
19 69
86
68
86
20 68
74; 86
19: 70
74; 85
is; 70
74, 85
19: 70
74! 85
19j 70
74 85
li 70
i
74: 85
19! 70
o
J5
19
84
70
73J. 84
19' 70
87
68
78
71
85
69
85
70
88
86
86
68
I
85
69
86
1
86
86
66
21
103
65
77
76
67
68
19
148
99
150
100
143
99
152
101
147
100
148
98
148
98
147
98
147
98
148
98
148
98
147
98
142
101
148
99
148
98
149
149
147
97
148
98
148
148
147
99
67
115
126
93
109
100
129
93
38
25
39
26
39
24
39
26
39
26
39
25
39
25
39
25
39
25
39
25
39
25
39
26
39
25
39
25
39
26
39
39
41
23
39
25
39
39'
39
26
. 7
40
48
12
60
11
82
it
149
91
162
89
145
92
151
91
148
91
148
91
161
91
151
90
151
92
150
91
150
91
150
91
147
92
149
92
160
92
159
160
161
89
160
92
I
160
161
151
91
49
112
166
62
131
83
170
3083
2173
3114
2168
3016
2193
3111
2183
3092
2167
3069
2204
3115
2161
3118
2180?
3113
2176
3112
2180
3112
2169
3145
2142
2991
2228
3159
2143
3105
2172
1604
977
1423
2964
3127
2137
3138
2129
3166
3173
3127
2166
1294
1850
2622
2031
2377
3190
3499
331
3
910
946
823
928
926
865
964
938
937
932
943
1003
763
1016
933
627
1423:
2964
990
1009
3166
3173
961
566
691
287
118
Senator Jas. A Reed
Re-elected by 17,000
Col. Fred D. Gardner
Elected by 7,000
Hon. W. W. Rucker
Elected by his usual majority and
was only democrat to win out in
Carroll county.
Tic in si D
sunlit
lictEl jitepl flf aliliif,
anil Hlr tt ill
PROHIBITION
and
THE LAND BANK
Bill Badly Defeated
